lambda,sigma,mu,sim,MLE,Mean,Fisher
3,0.2,400,1,2.8519402651308146,3.2809786898184687,0.09528721450946066
3,0.2,400,2,3.3635063770939553,3.3219597550306212,0.11823301770967953
3,0.2,400,3,2.6668333720292816,3.1942857142857144,0.0912111227296736
3,0.2,500,1,2.8184365170185193,3.18051013734467,0.08629760987301828
3,0.2,500,2,2.803461753198638,3.197689345314506,0.08501239604509134
3,0.2,500,3,2.9003548169758195,3.3597122302158273,0.08747957343864918
3,0.2,600,1,3.0750725212286034,3.514003294892916,0.08455344415234117
3,0.2,600,2,2.984487898944815,3.4349657714586623,0.0811340354125681
3,0.2,600,3,2.7170337387259953,3.1935110081112397,0.07840172540283073
3,0.3,400,1,2.8529375724513715,2.991582491582492,0.1026789247239888
3,0.3,400,2,3.327061464541688,3.211783439490446,0.11464265567007018
3,0.3,400,3,3.7809635861758752,3.272655634357762,0.12760916840870803
3,0.3,500,1,2.853452627345229,3.057298772169168,0.09265938167776992
3,0.3,500,2,2.7484837767062174,3.016497461928934,0.08557909778216642
3,0.3,500,3,2.873932152842269,2.915654038598999,0.09633813198711827
3,0.3,600,1,2.984441006757946,3.006837606837607,0.08892909847035282
3,0.3,600,2,3.8094759066611257,3.0958019375672765,0.10861415195553822
3,0.3,600,3,2.776755326694649,2.9281084266352386,0.08521026531883348
4,0.2,400,1,4.422274314603037,4.099128540305011,0.1145061640527517
4,0.2,400,2,4.383548572905126,4.213592233009709,0.11920456811481209
4,0.2,400,3,3.6957754667314258,4.065420560747664,0.10329287280620485
4,0.2,500,1,3.9327774032945975,4.06126582278481,0.09888189975729267
4,0.2,500,2,3.736906004295004,4.076436478650501,0.09581211298769764
4,0.2,500,3,3.617344956558871,3.9427083333333335,0.09283209794303592
4,0.2,600,1,4.496795266049529,4.20167714884696,0.1018078232876603
4,0.2,600,2,3.856915047790323,4.138576779026217,0.08747236448836213
4,0.2,600,3,4.021992242398803,4.057715923045436,0.09053054508902206
4,0.3,400,1,3.8031986433810774,3.7732843137254903,0.10799408925631089
4,0.3,400,2,4.234456172914161,3.7792536369386465,0.12304775563788449
4,0.3,400,3,4.644727633360299,3.9541809851088203,0.12526092687133242
4,0.3,500,1,3.8827982811684394,3.5002655337227826,0.10490763451452643
4,0.3,500,2,3.9554930512008135,3.7357512953367875,0.10380886639283377
4,0.3,500,3,4.690670031161302,3.6552591847005536,0.12187229748191872
4,0.3,600,1,4.042779104644552,3.680597014925373,0.09705417188540473
4,0.3,600,2,3.7814703258004876,3.758534554537885,0.0891237238248502
4,0.3,600,3,3.8451024021335805,3.623182018510357,0.0944962001268657
5,0.2,400,1,5.017307032610817,4.967772511848342,0.11638185082300186
5,0.2,400,2,4.59570082965717,4.802588996763754,0.11517206033309058
5,0.2,400,3,4.712908521671373,5.026638252530634,0.11655735501377279
5,0.2,500,1,4.917071852749046,4.856811145510836,0.10383754601340225
5,0.2,500,2,5.353667512644746,4.910250769907611,0.11971352947355912
5,0.2,500,3,5.181063128716819,4.795352993744415,0.1181356471172236
5,0.2,600,1,4.925502387393437,5.00063051702396,0.09300170779182039
5,0.2,600,2,4.940335759611818,5.043977682966853,0.09560055540859927
5,0.2,600,3,4.814931911653846,4.859603509912252,0.0931412094382337
5,0.3,400,1,5.423425235499106,4.60741885625966,0.13510411999831273
5,0.3,400,2,5.158954180329903,4.576430401366354,0.11685419681222373
5,0.3,400,3,5.1734835874560785,4.478027867095391,0.13246869145113283
5,0.3,500,1,4.614768134641494,4.413107822410148,0.10501060908607866
5,0.3,500,2,5.162866407117465,4.628635346756152,0.10913712060815545
5,0.3,500,3,5.486229161617576,4.42629179331307,0.11802696507759411
5,0.3,600,1,4.72928984843871,4.583437110834371,0.09137311362628477
5,0.3,600,2,4.769565209913089,4.398368215679319,0.10007997936685153
5,0.3,600,3,5.582463717390822,4.289410141428078,0.11508379688652946
